district 0.3426596 0.9827954 -0.055809 -0.9195576 -0.5249619 -0.2378307 -0.1104087 0.2377938 -0.5951854 0.1134781 0.4216796 -0.0688976 -0.1062 0.4492927 -0.6885043 0.2850269 -0.2119522 -0.0561015 0.3520798 0.0821457 -0.6014251 -0.9810068
20 -0.0874792 0.7741048 0.8908809 -0.9082317 -0.476041 0.9959402 0.6556967 0.9192238 -0.8749922 0.9337177 -0.3583755 0.7805207 -0.2615722 0.8562975 0.4282572 -0.9624884 -0.5127464 -0.1631917 0.5605295 -0.1362891 -0.0972596 0.4665508
want 0.788027 -0.5927161 -0.4426289 -0.1314795 0.8400945 -0.9243171 -0.6050174 -0.4601566 0.7258854 -0.4359162 0.5792022 -0.9055024 0.4320983 -0.0294489 -0.7019201 0.3990236 0.5321947 -0.305126 0.9212403 0.6716636 -0.6844457 0.4421086
within 0.1029446 -0.3811084 0.1300574 0.0830574 -0.963859 -0.4535116 0.7186302 -0.8231984 -0.1254457 -0.0553508 0.3051374 0.427874 0.8302106 0.9423655 0.7319329 -0.716653 -0.1483756 -0.77325 0.4736036 -0.4307557 -0.6553414 0.3600149
town 0.0200952 0.7304576 -0.0859654 -0.9016031 0.5013896 0.2273207 -0.0877334 0.0384434 0.8096834 -0.3211005 0.3716823 0.5346256 0.0846975 -0.066808 0.5670708 0.532345 -0.6212335 0.0629007 -0.931462 0.2672616 0.7947215 0.8089043
statement -0.5081141 0.0669483 -0.3526487 -0.8455925 0.1375714 0.0746822 -0.4058801 -0.6462837 -0.3861214 -0.2626338 0.6122536 0.396829 0.1831533 -0.7225707 -0.4618578 -0.762744 -0.7199506 -0.9271983 -0.7048525 -0.2933794 -0.4697685 0.7551716
life 0.0456804 0.8959756 -0.395826 -0.2608263 0.272602 -0.2605001 0.2682967 0.3939507 -0.9236486 0.4518796 0.2222376 -0.4466183 -0.3816898 -0.8456185 0.2217897 0.1375401 -0.7810216 -0.1432267 0.0230073 -0.136164 0.0764365 -0.3583486
committee -0.9392358 -0.6357252 -0.3943551 0.0883389 -0.1154799 -0.7417678 0.9585177 0.383315 -0.0419899 0.2672895 -0.2506169 -0.9630673 0.7114834 -0.1410505 0.8628853 0.1081719 -0.4236213 0.5931167 0.0606881 0.3344128 0.3200436 0.0732819
by -0.2866486 -0.6421148 -0.483582 -0.9566903 0.769884 -0.3040793 0.1237462 -0.6553898 0.6539793 -0.9564395 -0.3768233 -0.2318879 -0.8822379 -0.5202896 -0.4415953 -0.3047698 0.5042243 0.5675676 -0.6506003 0.7789564 -0.008088 0.1616165
away -0.1920027 -0.5100378 0.8561989 -0.5488891 -0.1907504 -0.3372823 -0.5612716 -0.1452955 0.4704678 0.4939113 -0.979421 -0.8549159 -0.9432863 0.2999595 -0.2638193 -0.1191278 0.7139231 -0.6918224 -0.1318096 -0.1596891 -0.9504652 0.5265117
development 0.5211671 0.0675384 0.6923024 0.5475326 -0.2605331 -0.3892961 -0.8227543 0.0271372 -0.0326145 -0.1333242 -0.6849189 -0.3227095 -0.0167934 0.7739641 0.885576 -0.7267656 -0.4626594 -0.4838705 0.9797506 -0.2964355 0.9429363 0.4594624
just -0.0812015 -0.7638785 -0.8304404 0.075482 0.3914594 0.6987649 0.1621353 0.6157049 0.9339395 0.7755465 -0.2798229 0.7523577 -0.3495601 -0.0163144 0.540318 0.1634974 -0.3447862 0.4566298 0.6893856 -0.7612653 0.4232502 0.4335304
bill 0.6735868 0.9509584 0.3937839 -0.1693302 -0.5839579 0.1614905 0.4826648 0.885876 0.7984587 0.5824384 -0.1690808 -0.8169897 0.2782457 0.6946511 0.4470449 0.6484616 0.9343799 -0.4501727 -0.2658953 0.6452404 -0.6578865 0.6858754
must -0.9031558 0.2195218 -0.2778425 -0.5780497 0.7280074 0.6323297 0.7007523 -0.6209831 -0.8023434 -0.4724268 -0.5890502 -0.0654443 0.8041017 -0.7781155 0.9738141 -0.1779197 -0.1146582 -0.4890282 0.5916282 0.048523 0.4632413 0.2026929
series -0.8724131 -0.625713 0.2365024 -0.0148104 -0.4583527 -0.2527281 0.6572079 0.9793651 0.7078084 0.6996063 -0.1700112 -0.7013278 0.3489821 0.5125043 0.1419533 -0.034245 -0.6833815 -0.7583331 -0.3803492 0.2867834 -0.7999351 0.4959831
big -0.2367654 -0.9127049 0.955498 -0.8345479 -0.431954 -0.7770984 -0.3787908 -0.1751469 -0.2321067 -0.3280008 0.7196354 0.3685977 -0.9324097 0.6897827 0.0030358 0.6600888 -0.758997 -0.6850403 -0.403505 0.0843372 -0.6046747 -0.9561461
white 0.3503847 0.4646423 -0.9051191 0.8044566 -0.2048608 0.4824854 0.5308949 0.8705392 0.760042 -0.9181365 0.5138622 -0.7166694 -0.140998 0.2899973 -0.3723639 0.5611919 0.1022453 0.6785128 0.0536732 -0.6258133 0.4213945 0.7218277
cup -0.907256 -0.7000855 0.4399464 -0.5875763 -0.6955716 0.8837479 0.1583132 -0.8579965 0.6865457 -0.3234225 0.4346316 0.780688 -0.477638 -0.7260695 0.5105977 -0.5419118 0.2708484 0.681659 -0.7281446 0.9109613 -0.6324679 0.922321
companies -0.4473867 -0.6806768 0.7172836 -0.0959333 0.9654316 0.7859857 -0.8493124 -0.4459255 0.9464919 0.6649847 -0.0154485 -0.8067062 0.4252991 0.8778753 0.6167417 0.6897959 0.347262 -0.5371726 -0.4393424 -0.9088997 0.8281737 0.7869379
may -0.4194222 0.394066 -0.640807 -0.1754892 0.3091035 0.3156415 0.2191164 0.8994407 0.4121227 -0.7416965 -0.6989141 -0.9569376 -0.7787958 -0.7613562 -0.8290494 -0.4213812 -0.8632457 0.2462276 0.7578217 0.9910793 0.0618795 0.7409624
people 0.8005191 -0.1030567 -0.562641 -0.3938561 -0.3502896 -0.2120038 -0.5173924 -0.3712097 0.1166622 0.4077508 0.4715115 0.6522392 0.2444097 -0.4959563 0.4248754 0.1985851 -0.519995 -0.3099245 0.0393052 -0.1773307 -0.3438171 -0.2457969
